0f472b537c61ff9651021aa2af8e8cb43f84516a	168602416	16	Jeffrey Valentine - Back 2 My Roots (1999)
1c8e84f19bea40f7b0c097f4bd1cbad018212e2a	373955298	1	Jeopardy.2021.04.14.720p.HDTV.H.264-NTb.mkv
31a2270d9095a5f7c36bf24023775d556c0e9fc6	734023680	15	Nightfly_mini
5503fe7f644b60656ce5f0579be81ea9ec554847	45499546	1	胖男现金2500元约到的高颜值牛仔裤美女,又加了200元让她换上情趣黑丝装干,用尽全力大力抽插,嗷嗷求饶.国语!
5838ffa17e3aaf0ad3da8a9b49af495857e54c7c	4586031414	36	MKMP-390.HD
59186e466cdf130239c66f71cc40cf906f956f55	10477726	6	Short_SkirtLong_Jacket
6d3e2b7d0bc36081664abaf6caa344f21aa41797	3807795794	36	JUL-411_CH.HD
72169aa81c4b8a3c58ef9da80d2eb99dbd061a7b	2687159371	3	Don.Jon.2013.PL.720p.BDRip.XviD.DD5.1-ELiTE
972c263ade60f531b82d98739b2e9115a0346814	2864373080	36	ADN-282_CH.HD
98950fd6ce93077e80dec26ed6ad7ec656e110b4	4087431870	36	MIDE-907.HD
a9d44b1e657ec70e98e577f2a74de5ef92ae11ce	3388710653	36	IPX-588_CH.HD
cbb2d89ea427054b8721b55de6af50fb18131789	3440449953	36	FSDSS-146_CH.HD
f420900611d3cfdc3bb180d0bb4fea43aeda0511	48678815	4	Astra
f931d6ffaec791bb3553221344c447d833000de3	3593796329	2	Entity.2012.1080p.AMZN.WEBRip.DDP2.0.x264-SNAKE
