010f37f5c6931c12935840b02bdb79f87ec4ad97	594830266	5	[Cum4K]Paisley Rae.StepSister’s Creampie Training-720
0440399c5a66f2dd8c52ad0c69700191000f65f2	14069346348	23	Chicago Fire Season 4 Complete 720p BluRay x264 [i_c]
493933ed637b2af78053667b0497efd7c4a55231	1435336	30	1214無碼15支
4c9617b35606b92a21453c21dd7c9cfdd35813d7	983817161	5	EBOD-123
6c7b65447ab2e692a2ecc7fb3aaba26573e8bec1	898825204	4	In.Ice.Cold.Blood.S03E11.720p.WEB.h264-BAE[rarbg]
7633be5772eb823fd0ca0ee738580bd566290975	14959968181	22	Chicago Fire Season 2 Complete 720p BluRay x264 [i_c]
92f73f9521490c857daf49bdbdbc0a611d751c3e	567686623	5	Xd
bc6aac188bd254cf01362bbcbdc83801eafde6d2	14987919888	23	Chicago Fire Season 3 Complete 720p BluRay x264 [i_c]
beb8da1f059e6e7725c4e5e8c6ec98eea8fd665f	1187449572	6	Outcast (1999) PC RePack от Yaroslav98
ea9eb4b912fba74847bb2e24c852f7fc09b7b085	15399262803	24	Chicago Fire Season 1 Complete 720p BluRay x264 [i_c]
efd2fb4b72c9aa5c4a4d9f400a8fe3083579a107	7228882944	10	die-teuflischen-schwestern-1977
