15dbc963163c90434b01e760818b48f8ad1f60fb	15972819	160	PinkVisualPass.com_14.03.03.Sydnee.Capri.V2.XXX.iMAGESET-YAPG[rarbg]
946aac5b3186a07a7e34ddca3d018ef4b982ef12	31618116	3	KMPlayer-3.9.0.127
a3e062d1a56290930d32beea98ca6c9c9179a136	3066227423	27	fc2-ppv-1136418-HD
f64281f08bab3e85dc059e00515f83e028d82b17	814768137	3	Matchmaker.Santa.2012.WEBRip.x264-ION10
